[-1.0428185]
[-1.2794582, -0.99892056]
[-1.1908324, -1.0646727, -1.06]
[-1.06, -1.0599964, -1.0614794, -1.0626947]
[-1.0785127, -1.0493214, -1.2188799, -1.0705137, 100000.0]
[-1.3609408, -1.10779, -1.3024825, -1.134156, -1.059636, 100000.0]
[-1.1526505, -1.0712483, -1.1131504, -1.0675664, -1.0895658, -1.234124, -1.0500544]
[-1.2233886, -1.0751436, -1.1275704, -1.5505509, -1.3864263, -1.0792801, -1.0635571, -1.0298638]
[-1.1163265, -1.1143776, -1.1278281, -1.1245276, -0.9831414, -1.063489, -1.0729232, -1.076031, -1.245931]
[-1.0632809, -1.169223, -1.0764722, -1.1459184, -1.4883677, -1.1722798, -1.0759716, -1.3078122, -1.5179784, -1.2828034]
[-1.354673, -1.0727404, -1.1824408, -1.3508719, -1.4088022, -1.1201787, -1.0972313, -1.1112156, -1.4199193, -1.379924, -1.0658981]
[-1.0579889, -1.0701667, -1.0650682, -1.1690722, 100000.0, -1.1253157, -1.2415127, -1.0384096, -1.2798966, -1.4703422, -1.4090754, -1.0676903]
